28457
2337
3906
1788
1231
1679
1540
994
1584
1628
1824
15395
1677
1193
1016
4662
1994
1139
1624
1744
3638
721
1345
1213
1126
1324
1396
1013
1562
1662
3995
704
1148
1198
1082
1407
1486
994
1526
1533
1703
13703
1589
1299
1107
1425
1473
1020
1558
1685
3641
677
1286
1234
1085
1319
1386
1078
1540
1628
6131
702
1373
1179
1105
1418
1436
1018
1513
1523
1675
14922
1541
1183
1064
1406
1448
963
1615
1685
3517
760
1204
1185
1095
1316
1395
1097
1520
1669
5873
730
1128
1242
1081
1404
1493
1008
1520
1522
1674
15094
1509
1173
1080
1386
1447
996
1583
1701
3547
695
1226
1074
1173
1314
1396
1075
1533
1628
5023
724
1424
1208
1094
1420
1522
979
1488
1650
1690
14375
1551
1201
1077
1378
1455
967
1589
1692
3561
551
1322
1193
1164
1339
1447
1063
1527
1631
6081
724
1134
1284
1104
1418
1529
1075
1518
1507
1676
15046
1525
1224
1090
1410
1382
1000
1607
1689
3660
700
1289
1205
1102
1321
1377
1083
1533
1664
6132
707
1109
1247
1065
1403
1398
976
1537
1534
1665
15398
1555
1209
1136
1394
1467
983
1593
1693
3574
542
1201
1173
1099
1338
1359
1053
1531
1637
4864
744
1455
1191
1096
1461
1440
970
1498
1546
1703
14374
1517
1197
1111
1380
1455
1018
1559
1715
3664
703
1325
1257
1094
1320
1360
1030
1522
1638
6750
703
1152
1191
1089
1407
1517
1058
1509
1529
28297
15133
1601
1400
985
1330
1364
910
1485
1617
3511
621
1258
1124
1048
1275
1300
934
1471
1598
5699
697
1441
1130
1065
1430
1448
1060
1469
1496
1564
13570
1428
1119
999
1328
1306
913
1485
1614
3463
597
1133
1118
1016
1251
1296
993
1381
1224
